2017-08-09,206.69,207.91,205.59,206.48,1622213,MMM
2017-08-09,48.76,48.87,48.43,48.77,4102919,ABT
2017-08-09,71.26,72.14,71.1,72.02,4536324,ABBV
2017-08-09,129.01,129.78,128.92,129.62,1216883,ACN
2017-08-09,60.63,61.57,60.35,61.38,6023183,ATVI
2017-08-09,196.53,197.19,193.17,193.88,362279,AYI
2017-08-09,146.68,148.5,146.5,148.35,1177923,ADBE
2017-08-09,12.76,12.89,12.54,12.83,58861491,AMD
2017-08-09,109.24,110.28,108.41,109.18,938469,AAP
2017-08-09,11.45,11.45,11.12,11.25,7057820,AES
2017-08-09,156.23,156.6,155.09,155.58,3134715,AET
2017-08-09,180.52,180.81,179.09,180.53,325038,AMG
2017-08-09,81.11,81.8,80.73,81.77,1542256,AFL
2017-08-09,60.07,60.23,59.38,59.68,1965048,A
2017-08-09,145.84,146.36,145.56,146.25,1163569,APD
2017-08-09,47.18,47.86,46.74,47.4,1627532,AKAM
2017-08-09,84.87,84.9,83.82,84.34,838211,ALK
2017-08-09,114.66,115.71,111.23,113.16,2603636,ALB
2017-08-09,120.59,121.41,120.4,120.83,278758,ARE
2017-08-09,135.96,137.7,135.08,136.85,1091843,ALXN
2017-08-09,173.84,176.44,172.37,175.77,992292,ALGN
2017-08-09,81.31,81.52,80.46,80.59,354308,ALLE
2017-08-09,239.74,241.68,237.71,237.97,2019325,AGN
2017-08-09,235.0,235.0,231.37,232.44,491373,ADS
2017-08-09,41.69,41.73,41.48,41.51,1196424,LNT
2017-08-09,94.11,94.7,93.96,94.7,1548661,ALL
2017-08-09,938.45,943.76,933.92,940.08,1400852,GOOGL
2017-08-09,920.61,925.98,917.25,922.9,1192081,GOOG
2017-08-09,65.43,65.8,65.21,65.31,5599962,MO
2017-08-09,982.6,988.0,975.27,982.01,3569731,AMZN
2017-08-09,58.57,58.62,57.85,58.08,1881418,AEE
2017-08-09,49.74,49.92,49.23,49.4,5020809,AAL
2017-08-09,71.61,71.61,70.86,70.96,2492179,AEP
2017-08-09,85.74,85.97,85.24,85.69,2960996,AXP
2017-08-09,64.01,64.44,63.64,64.01,5601434,AIG
2017-08-09,81.28,81.88,81.01,81.68,891377,AWK
2017-08-09,147.59,148.13,146.43,147.95,964703,AMP
2017-08-09,79.86,79.95,78.6,79.8,2620128,ABC
2017-08-09,63.65,63.83,63.23,63.56,887416,AME
2017-08-09,173.1,174.18,172.65,173.55,1972231,AMGN
2017-08-09,77.76,78.58,77.52,78.49,1135814,APH
2017-08-09,44.32,44.9,43.66,44.1,5206435,APC
2017-08-09,78.52,78.65,77.42,77.98,1978962,ADI
2017-08-09,96.17,98.0,94.68,95.4,2310733,ANDV
2017-08-09,123.98,125.07,123.52,124.76,300363,ANSS
2017-08-09,191.94,193.16,191.07,192.85,827753,ANTM
2017-08-09,138.25,140.32,138.25,140.19,755373,AON
2017-08-09,54.29,54.47,53.79,54.03,1269083,AOS
2017-08-09,44.56,44.97,43.25,43.58,3321925,APA
2017-08-09,46.26,46.39,45.9,46.0,990097,AIV
2017-08-09,159.26,161.27,159.11,161.06,26131530,AAPL
2017-08-09,43.39,44.02,43.06,43.81,5634688,AMAT
2017-08-09,42.29,42.54,42.13,42.49,2316629,ADM
2017-08-09,24.96,25.03,24.48,24.65,2572255,ARNC
2017-08-09,58.72,59.04,58.72,58.9,430894,AJG
2017-08-09,104.41,105.3,103.89,105.02,338113,AIZ
2017-08-09,38.2,38.4,38.06,38.36,19706726,T
2017-08-09,107.69,107.96,106.54,107.45,1152146,ADSK
2017-08-09,108.84,110.11,108.06,109.66,8389744,ADP
2017-08-09,526.73,533.47,522.84,533.16,409753,AZO
2017-08-09,188.31,189.64,188.04,189.27,610735,AVB
2017-08-09,93.34,93.68,92.68,92.89,508349,AVY
2017-08-09,34.79,35.29,34.76,35.02,2267019,BHGE
2017-08-09,40.89,41.29,40.1,40.28,3598641,BLL
2017-08-09,24.6,24.77,24.46,24.74,56910375,BAC
2017-08-09,53.58,54.1,53.48,54.04,4394208,BK
2017-08-09,318.08,318.78,317.85,318.63,639971,BCR
2017-08-09,59.72,60.1,59.5,60.02,2196822,BAX
2017-08-09,47.66,47.83,47.45,47.69,4355587,BBT
2017-08-09,196.23,197.89,196.23,197.84,1093335,BDX
2017-08-09,175.5,178.16,175.05,178.06,2804084,BRK.B
2017-08-09,61.21,61.89,60.71,61.07,2573066,BBY
2017-08-09,285.79,289.47,285.73,288.74,777522,BIIB
2017-08-09,426.31,431.57,425.26,431.34,351009,BLK
2017-08-09,30.22,30.98,30.22,30.9,2591934,HRB
2017-08-09,238.01,238.7,234.1,234.31,5680369,BA
2017-08-09,46.62,47.09,46.28,46.53,1511768,BWA
2017-08-09,122.8,122.8,121.42,121.67,503662,BXP
2017-08-09,26.36,26.57,26.31,26.57,3405143,BSX
2017-08-09,56.01,57.12,54.94,56.72,4514392,BHF
2017-08-09,56.79,57.56,56.51,57.4,7675555,BMY
2017-08-09,249.53,250.36,247.52,249.17,2125609,AVGO
2017-08-09,49.23,49.74,48.05,48.51,1029599,BF.B
2017-08-09,66.65,66.68,65.96,66.13,1885979,CHRW
2017-08-09,32.2,32.57,32.1,32.55,3356785,CA
2017-08-09,24.75,25.23,24.66,24.83,5949140,COG
2017-08-09,53.23,53.6,53.08,53.21,1667464,CPB
2017-08-09,84.96,85.28,84.45,85.14,1338065,COF
2017-08-09,69.16,69.22,67.76,68.23,2945206,CAH
2017-08-09,95.51,96.95,94.91,96.8,759090,CBOE
2017-08-09,64.51,65.25,64.09,65.23,1157452,KMX
2017-08-09,67.85,68.54,67.7,68.16,4229864,CCL
2017-08-09,114.39,115.46,114.11,114.34,3170051,CAT
2017-08-09,36.63,36.94,36.5,36.88,1278697,CBG
2017-08-09,65.12,65.57,62.7,65.35,5345807,CBS
2017-08-09,133.76,135.76,133.61,135.57,3085703,CELG
2017-08-09,82.69,83.3,82.17,82.73,838600,CNC
2017-08-09,29.13,29.45,29.02,29.06,3691350,CNP
2017-08-09,21.78,22.06,21.61,21.82,7893566,CTL
2017-08-09,62.97,63.05,62.36,62.49,1680033,CERN
2017-08-09,31.24,31.92,31.13,31.88,3585937,CF
2017-08-09,42.12,42.38,41.69,42.02,5967236,SCHW
2017-08-09,387.89,408.83,386.38,400.9,3978134,CHTR
2017-08-09,4.43,4.48,4.31,4.37,26118390,CHK
2017-08-09,110.74,111.41,110.26,110.89,3966818,CVX
2017-08-09,331.25,336.36,328.88,334.61,667460,CMG
2017-08-09,148.46,149.34,148.01,149.29,872933,CB
2017-08-09,49.61,50.02,49.61,49.92,1378916,CHD
2017-08-09,175.7,178.35,174.5,178.08,1508798,CI
2017-08-09,91.1,101.9,91.1,100.86,2827034,XEC
2017-08-09,79.48,80.35,79.21,80.33,359592,CINF
2017-08-09,133.26,133.73,132.53,133.3,552776,CTAS
2017-08-09,31.55,31.68,31.36,31.62,16131324,CSCO
2017-08-09,68.12,68.48,67.92,68.43,19195725,C
2017-08-09,34.96,35.09,34.7,35.03,2555144,CFG
2017-08-09,76.24,76.65,76.06,76.22,1859181,CTXS
2017-08-09,134.73,135.09,133.73,134.21,564940,CLX
2017-08-09,124.32,126.43,124.0,126.19,1416530,CME
2017-08-09,47.56,47.56,47.29,47.38,1990535,CMS
2017-08-09,47.56,47.92,47.33,47.76,2669070,COH
2017-08-09,45.56,45.66,45.32,45.59,9635260,KO
2017-08-09,70.02,71.08,69.73,71.01,3718561,CTSH
2017-08-09,71.57,71.93,71.48,71.57,2486522,CL
2017-08-09,39.54,40.67,39.36,40.63,17401750,CMCSA
2017-08-09,72.83,73.3,71.84,72.47,1097166,CMA
2017-08-09,34.19,34.45,34.07,34.39,2425399,CAG
2017-08-09,118.82,119.91,118.05,118.82,1683446,CXO
2017-08-09,45.79,46.0,45.37,45.65,7451119,COP
2017-08-09,83.45,84.16,83.14,83.26,2978269,ED
2017-08-09,194.3,195.64,193.55,195.39,937292,STZ
2017-08-09,242.98,244.51,242.38,242.71,237995,COO
2017-08-09,29.17,29.45,29.14,29.36,4786487,GLW
2017-08-09,157.14,157.57,156.2,156.86,2157557,COST
2017-08-09,19.88,19.95,19.7,19.86,3152909,COTY
2017-08-09,100.07,100.78,99.38,100.77,2539854,CCI
2017-08-09,32.14,32.45,31.87,32.19,1480096,CSRA
2017-08-09,50.03,50.71,49.82,50.7,6759969,CSX
2017-08-09,159.32,160.34,158.56,159.4,1127431,CMI
2017-08-09,78.43,79.49,78.06,79.43,4902205,CVS
2017-08-09,36.22,36.55,36.0,36.37,3948384,DHI
2017-08-09,80.29,80.68,80.02,80.23,2666513,DHR
2017-08-09,81.63,82.0,80.98,81.28,2602724,DRI
2017-08-09,56.72,57.07,56.0,56.52,2014633,DVA
2017-08-09,131.3,132.5,131.18,132.41,1394165,DE
2017-08-09,93.42,94.21,92.28,92.8,1702977,DLPH
2017-08-09,50.0,50.1,49.5,49.67,6692174,DAL
2017-08-09,58.77,58.9,55.85,56.23,6053910,XRAY
2017-08-09,32.38,32.77,31.78,32.08,4297889,DVN
2017-08-09,114.0,114.62,113.44,114.41,656944,DLR
2017-08-09,61.49,61.63,60.96,61.26,1834036,DFS
2017-08-09,24.0,24.17,23.04,23.6,6880680,DISCA
2017-08-09,22.91,22.93,22.0,22.39,2339221,DISCK
2017-08-09,59.3,59.92,58.96,59.74,1376862,DISH
2017-08-09,76.21,77.29,75.55,77.15,2527389,DG
2017-08-09,75.14,75.57,74.42,74.92,2815921,DLTR
2017-08-09,78.32,78.32,77.7,77.84,1596517,D
2017-08-09,86.77,87.26,86.61,86.83,776435,DOV
2017-08-09,63.27,63.66,63.15,63.5,3234369,DOW
2017-08-09,90.3,90.42,89.4,90.32,1069545,DPS
2017-08-09,109.76,109.76,108.51,108.53,563157,DTE
2017-08-09,28.81,28.81,28.43,28.52,2016641,DRE
2017-08-09,81.2,81.62,80.93,81.33,1518954,DD
2017-08-09,86.76,86.9,86.01,86.2,2115384,DUK
2017-08-09,79.68,84.5,79.67,82.98,4614808,DXC
2017-08-09,40.85,41.17,40.56,41.15,1117748,ETFC
2017-08-09,84.07,84.64,83.79,84.26,803735,EMN
2017-08-09,72.77,73.37,72.66,73.14,3167251,ETN
2017-08-09,36.13,36.22,35.72,36.08,7888132,EBAY
2017-08-09,131.36,132.38,131.35,132.36,690619,ECL
2017-08-09,79.99,79.99,79.34,79.45,1154442,EIX
2017-08-09,115.75,116.5,115.23,116.26,981149,EW
2017-08-09,115.55,116.84,114.75,116.11,1709417,EA
2017-08-09,59.83,60.18,59.73,60.03,1775395,EMR
2017-08-09,77.64,77.67,76.79,76.81,1073115,ETR
2017-08-09,55.32,55.64,54.17,54.35,2378423,EVHC
2017-08-09,91.52,92.35,90.27,90.35,3289080,EOG
2017-08-09,63.16,63.64,61.77,62.71,2652566,EQT
2017-08-09,142.37,143.33,141.9,142.94,394583,EFX
2017-08-09,441.61,448.46,440.17,447.81,359905,EQIX
2017-08-09,67.33,67.44,67.03,67.35,1865447,EQR
2017-08-09,263.02,265.23,262.24,264.66,394257,ESS
2017-08-09,100.85,104.5,100.68,103.77,7523547,EL
2017-08-09,62.54,62.54,61.63,61.73,1427627,ES
2017-08-09,265.27,268.83,264.88,268.72,249684,RE
2017-08-09,38.42,38.48,37.7,37.7,5622888,EXC
2017-08-09,143.75,148.06,143.31,147.9,2507021,EXPE
2017-08-09,55.11,55.74,55.01,55.62,1783942,EXPD
2017-08-09,62.06,62.14,60.71,61.2,3971717,ESRX
2017-08-09,77.1,77.14,76.45,76.59,1070059,EXR
2017-08-09,80.25,80.35,79.78,80.21,8087101,XOM
2017-08-09,118.09,118.87,117.83,118.63,737674,FFIV
2017-08-09,169.98,171.45,169.56,171.18,10814984,FB
2017-08-09,42.52,43.14,42.21,43.1,2009203,FAST
2017-08-09,132.88,133.5,132.0,132.75,354881,FRT
2017-08-09,206.58,206.65,204.65,206.18,1018730,FDX
2017-08-09,89.44,89.63,89.11,89.39,1140358,FIS
2017-08-09,27.16,27.3,26.97,27.14,5881332,FITB
2017-08-09,32.02,32.02,31.57,31.61,3041567,FE
2017-08-09,123.27,123.65,122.64,123.3,549335,FISV
2017-08-09,37.65,37.78,37.43,37.66,500148,FLIR
2017-08-09,39.69,39.84,38.95,39.12,1432706,FLS
2017-08-09,39.17,39.51,38.63,39.15,2792670,FLR
2017-08-09,84.41,85.0,84.11,84.61,1263916,FMC
2017-08-09,49.67,50.25,49.08,49.8,2516277,FL
2017-08-09,10.88,10.95,10.83,10.92,32155872,F
2017-08-09,66.86,66.98,66.54,66.82,949895,FTV
2017-08-09,64.33,64.36,63.68,63.87,1715592,FBHS
2017-08-09,43.28,43.71,43.28,43.59,1499692,BEN
2017-08-09,14.47,14.6,14.28,14.59,13142573,FCX
2017-08-09,24.29,24.31,23.41,23.77,5712569,GPS
2017-08-09,51.65,52.35,51.63,52.28,1453402,GRMN
2017-08-09,122.1,122.36,119.05,120.1,1085760,IT
2017-08-09,199.29,201.92,198.25,201.0,1353947,GD
2017-08-09,25.55,25.72,25.46,25.71,29670988,GE
2017-08-09,22.47,22.56,22.0,22.04,6591978,GGP
2017-08-09,55.72,55.89,55.62,55.77,2660428,GIS
2017-08-09,35.15,35.44,35.07,35.28,8260469,GM
2017-08-09,83.3,83.66,82.91,83.48,650967,GPC
2017-08-09,72.83,74.68,72.83,73.9,12054582,GILD
2017-08-09,97.0,97.17,95.96,96.02,1482369,GPN
2017-08-09,230.32,231.49,229.06,231.01,2571146,GS
2017-08-09,31.3,31.6,30.97,31.2,3843561,GT
2017-08-09,165.08,166.31,163.34,166.1,613026,GWW
2017-08-09,41.18,41.38,40.75,41.29,6396729,HAL
2017-08-09,24.49,24.6,24.24,24.31,3747771,HBI
2017-08-09,47.65,48.1,47.19,47.8,1637090,HOG
2017-08-09,116.75,118.59,116.73,118.55,602343,HRS
2017-08-09,55.99,56.25,55.87,56.24,1777388,HIG
2017-08-09,101.0,101.05,99.75,100.0,1575645,HAS
2017-08-09,78.23,78.26,77.62,77.92,1766788,HCA
2017-08-09,29.67,29.77,29.37,29.38,2901998,HCP
2017-08-09,46.96,47.0,46.06,46.48,2173733,HP
2017-08-09,173.08,173.59,168.12,169.65,1082503,HSIC
2017-08-09,105.13,105.38,104.19,105.25,1003588,HSY
2017-08-09,42.9,43.15,41.97,42.36,2698624,HES
2017-08-09,17.55,17.7,17.44,17.64,6970445,HPE
2017-08-09,61.76,61.8,60.98,61.37,2983989,HLT
2017-08-09,38.81,38.98,38.17,38.33,5540947,HOLX
2017-08-09,153.35,155.57,153.32,155.26,3844857,HD
2017-08-09,138.89,139.31,138.2,139.0,1957614,HON
2017-08-09,33.67,33.75,33.47,33.61,1814108,HRL
2017-08-09,18.21,18.21,17.84,17.97,5068160,HST
2017-08-09,19.22,19.34,19.09,19.32,7843810,HPQ
2017-08-09,250.34,255.1,248.8,254.96,1353904,HUM
2017-08-09,13.24,13.28,13.1,13.17,8095206,HBAN
2017-08-09,154.33,155.39,153.52,154.51,389476,IDXX
2017-08-09,45.25,45.37,44.98,45.36,2228232,INFO
2017-08-09,141.25,141.78,140.29,140.73,1306609,ITW
2017-08-09,197.53,199.82,196.76,199.23,1021449,ILMN
2017-08-09,87.29,87.6,86.88,87.26,879769,IR
2017-08-09,36.28,36.66,36.02,36.59,22796797,INTC
2017-08-09,64.28,65.75,64.28,65.73,1723022,ICE
2017-08-09,141.75,142.03,141.19,141.77,2925770,IBM
2017-08-09,130.21,131.33,128.72,130.08,728355,INCY
2017-08-09,53.75,54.0,53.07,53.41,1850870,IP
2017-08-09,21.02,21.24,20.93,21.14,3832748,IPG
2017-08-09,136.22,140.0,134.61,139.68,1016974,IFF
2017-08-09,136.0,136.97,135.26,136.82,761658,INTU
2017-08-09,934.39,945.75,931.0,943.45,264592,ISRG
2017-08-09,34.38,34.58,34.17,34.57,1902689,IVZ
2017-08-09,37.33,38.37,37.25,38.31,1728220,IRM
2017-08-09,53.74,54.27,53.33,54.22,923364,JEC
2017-08-09,90.66,92.2,90.15,92.17,1020463,JBHT
2017-08-09,121.25,122.53,121.01,122.19,714544,SJM
2017-08-09,132.81,133.41,132.36,133.23,6332347,JNJ
2017-08-09,39.46,39.62,39.31,39.45,3493821,JCI
2017-08-09,92.98,93.68,92.83,93.53,11214440,JPM
2017-08-09,28.08,28.45,28.03,28.33,4806897,JNPR
2017-08-09,103.89,104.1,103.32,103.9,695006,KSU
2017-08-09,69.03,69.32,68.89,69.04,1565860,K
2017-08-09,18.16,18.28,18.04,18.12,8139604,KEY
2017-08-09,121.44,121.85,120.96,121.61,1461867,KMB
2017-08-09,20.4,20.78,20.3,20.5,4019205,KIM
2017-08-09,19.75,19.8,19.59,19.75,10680043,KMI
2017-08-09,90.08,91.85,89.49,91.48,929319,KLAC
2017-08-09,42.55,42.73,41.53,41.93,6455711,KSS
2017-08-09,86.0,86.74,85.51,86.46,2527055,KHC
2017-08-09,24.06,24.1,23.89,23.94,5597645,KR
2017-08-09,42.44,43.07,41.75,42.66,2424231,LB
2017-08-09,178.25,182.15,178.09,181.73,987327,LLL
2017-08-09,157.33,158.26,156.4,157.75,423384,LH
2017-08-09,155.46,156.36,153.37,155.2,1957044,LRCX
2017-08-09,47.9,47.93,47.5,47.7,655755,LEG
2017-08-09,54.17,54.53,53.81,54.16,1162100,LEN
2017-08-09,56.4,56.81,56.17,56.45,1477028,LVLT
2017-08-09,25.55,25.65,25.32,25.56,1848188,LUK
2017-08-09,82.13,82.74,81.97,82.57,2392098,LLY
2017-08-09,73.69,74.0,73.06,73.74,1387960,LNC
2017-08-09,34.19,34.52,34.06,34.47,1384862,LKQ
2017-08-09,301.2,305.54,301.0,305.22,1750639,NYSE:LMT
2017-08-09,48.75,48.87,48.52,48.87,1043636,L
2017-08-09,77.0,78.36,76.6,78.34,3508362,LOW
2017-08-09,88.61,89.48,88.39,89.2,2593363,LYB
2017-08-09,163.33,164.36,162.43,163.0,761918,MTB
2017-08-09,59.9,60.11,58.93,59.69,709958,MAC
2017-08-09,23.4,23.66,22.78,23.03,9981189,M
2017-08-09,12.44,12.55,12.15,12.2,13580863,MRO
2017-08-09,54.43,54.69,52.83,52.99,4329150,MPC
2017-08-09,103.1,103.2,101.21,101.35,2779133,MAR
2017-08-09,77.18,77.66,77.04,77.48,1656199,MMC
2017-08-09,209.85,212.21,209.58,210.95,501813,MLM
2017-08-09,37.61,37.68,37.15,37.2,1868496,MAS
2017-08-09,129.09,130.03,128.77,129.72,1789884,MA
2017-08-09,18.25,18.38,17.95,18.0,6755658,MAT
2017-08-09,93.55,97.44,93.55,95.76,5726519,MKC
2017-08-09,155.3,155.68,154.35,154.92,3006466,MCD
2017-08-09,156.71,156.78,153.57,154.27,1474905,MCK
2017-08-09,83.75,84.02,83.51,83.95,3519268,MDT
2017-08-09,62.45,62.72,62.22,62.49,6552276,MRK
2017-08-09,48.42,48.63,47.92,48.31,6215260,MET
2017-08-09,575.25,580.26,573.06,575.57,129207,MTD
2017-08-09,31.36,31.67,31.22,31.49,6862557,MGM
2017-08-09,44.98,46.26,44.76,45.78,5361240,KORS
2017-08-09,83.92,84.21,83.11,83.6,1381204,MCHP
2017-08-09,28.51,28.89,28.36,28.58,14181838,MU
2017-08-09,72.25,72.51,72.05,72.47,22213410,MSFT
2017-08-09,104.36,105.27,104.15,105.09,546180,MAA
2017-08-09,249.07,250.2,248.19,249.68,372521,MHK
2017-08-09,90.61,90.72,90.01,90.5,1131891,TAP
2017-08-09,43.53,43.75,43.27,43.47,4729380,MDLZ
2017-08-09,117.21,117.41,116.78,117.34,1738408,MON
2017-08-09,51.54,52.43,50.79,52.03,3371401,MNST
2017-08-09,127.05,128.06,126.28,128.02,1401066,MCO
2017-08-09,47.22,47.69,46.94,47.65,8282866,MS
2017-08-09,21.51,21.56,21.14,21.26,4222496,MOS
2017-08-09,88.13,88.53,87.7,88.51,774020,MSI
2017-08-09,29.9,32.69,29.58,32.08,32038119,MYL
2017-08-09,74.84,76.28,74.68,76.25,577733,NDAQ
2017-08-09,31.37,31.55,30.29,30.81,4427268,NOV
2017-08-09,14.34,14.41,14.08,14.15,1689518,NAVI
2017-08-09,42.49,42.61,42.18,42.24,1685736,NTAP
2017-08-09,171.43,175.96,170.01,175.78,9670502,NFLX
2017-08-09,50.49,50.76,50.26,50.74,3010472,NYSE:NWL
2017-08-09,26.51,26.89,26.14,26.6,2601664,NFX
2017-08-09,36.27,36.33,35.72,36.1,4514464,NEM
2017-08-09,14.17,14.22,14.04,14.17,896833,NWSA
2017-08-09,14.6,14.65,14.4,14.55,243139,NWS
2017-08-09,147.88,148.19,146.95,147.24,2760485,NEE
2017-08-09,41.86,42.39,41.8,42.38,2200167,NLSN
2017-08-09,59.42,59.96,59.26,59.9,5310944,NKE
2017-08-09,26.41,26.55,26.35,26.38,1978415,NI
2017-08-09,25.52,25.7,25.1,25.28,5478271,NYSE:NBL
2017-08-09,47.0,47.21,46.33,46.88,1839443,JWN
2017-08-09,116.84,117.65,116.32,117.46,1484503,NSC
2017-08-09,88.24,89.31,88.1,89.24,1271834,NTRS
2017-08-09,270.85,273.8,270.17,273.1,978910,NOC
2017-08-09,24.33,24.42,24.13,24.33,2899653,NRG
2017-08-09,57.41,57.48,56.74,57.14,1807892,NUE
2017-08-09,168.43,172.21,167.67,172.11,13269623,NVDA
2017-08-09,202.01,204.26,201.5,203.17,1155768,ORLY
2017-08-09,61.8,61.98,61.28,61.66,2483393,OXY
2017-08-09,78.28,78.9,78.04,78.82,1426503,OMC
2017-08-09,52.69,53.0,52.47,52.76,2455034,OKE
2017-08-09,48.98,49.39,48.86,49.06,15872408,ORCL
2017-08-09,67.75,68.0,67.03,67.21,1572804,PCAR
2017-08-09,109.61,110.15,108.92,109.17,751227,PKG
2017-08-09,160.95,161.66,160.34,161.02,811699,PH
2017-08-09,38.58,38.69,38.02,38.13,1241831,PDCO
2017-08-09,54.84,55.07,54.43,54.91,1717388,PAYX
2017-08-09,58.97,59.73,58.59,59.67,6023896,PYPL
2017-08-09,62.38,62.59,62.07,62.37,631644,PNR
2017-08-09,17.33,17.44,17.22,17.32,2456797,PBCT
2017-08-09,116.49,116.7,115.96,116.63,2513820,PEP
2017-08-09,63.79,64.3,63.37,64.25,564922,PKI
2017-08-09,64.49,66.41,63.68,66.37,4830530,PRGO
2017-08-09,33.34,33.46,33.16,33.45,14997801,PFE
2017-08-09,69.46,69.46,68.9,69.02,1625093,PCG
2017-08-09,114.99,115.8,114.57,115.41,2512383,PM
2017-08-09,85.0,85.56,84.32,84.49,2297079,PSX
2017-08-09,88.85,88.85,88.25,88.32,691829,PNW
2017-08-09,135.7,137.64,134.85,137.55,3992762,PXD
2017-08-09,131.66,132.19,130.91,131.73,2246823,PNC
2017-08-09,88.0,90.45,86.83,87.05,3450529,RL
2017-08-09,103.04,103.82,102.8,103.37,1910133,PPG
2017-08-09,38.87,38.9,38.56,38.6,3095131,PPL
2017-08-09,128.47,128.96,127.9,128.86,1357691,PX
2017-08-09,1910.51,1919.99,1875.08,1906.8,2064785,PCLN
2017-08-09,65.79,66.18,65.56,65.99,924906,PFG
2017-08-09,91.52,91.94,91.52,91.92,5572843,PG
2017-08-09,47.61,48.04,47.58,48.04,2786170,PGR
2017-08-09,60.78,60.9,60.46,60.74,1675785,PLD
2017-08-09,110.49,110.69,109.28,109.94,2242410,PRU
2017-08-09,45.92,45.95,45.36,45.44,1988584,PEG
2017-08-09,200.49,201.87,199.77,200.88,646039,PSA
2017-08-09,25.21,25.43,25.14,25.31,3419089,PHM
2017-08-09,123.58,124.7,123.14,124.11,610477,PVH
2017-08-09,68.81,69.42,68.39,69.06,865424,QRVO
2017-08-09,36.28,37.04,36.22,36.68,2031039,PWR
2017-08-09,52.05,52.8,52.0,52.77,8085282,QCOM
2017-08-09,106.22,106.8,105.76,106.5,740733,DGX
2017-08-09,16.98,17.3,16.67,16.83,10424868,RRC
2017-08-09,82.25,82.4,81.5,81.92,651958,RJF
2017-08-09,176.1,179.59,175.63,179.3,2662339,RTN
2017-08-09,57.29,57.83,56.9,57.48,1640607,O
2017-08-09,97.34,97.71,96.22,97.7,3383319,RHT
2017-08-09,66.3,67.34,66.28,66.86,657224,REG
2017-08-09,469.96,478.99,465.52,474.09,979959,REGN
2017-08-09,14.73,14.82,14.59,14.68,12848383,RF
2017-08-09,64.51,64.72,64.27,64.38,517069,RSG
2017-08-09,74.13,74.21,73.5,74.12,845377,RMD
2017-08-09,44.02,44.29,43.73,43.93,1257888,RHI
2017-08-09,165.5,166.08,164.9,165.64,436005,ROK
2017-08-09,125.56,128.15,125.33,126.43,4227315,COL
2017-08-09,236.03,236.03,234.0,234.51,205805,ROP
2017-08-09,55.88,56.07,55.02,56.04,3352973,ROST
2017-08-09,118.8,120.51,118.06,120.49,1960414,RCL
2017-08-09,89.64,90.47,89.62,90.12,3055415,CRM
2017-08-09,63.69,63.69,62.37,62.7,1638931,SCG
2017-08-09,65.73,65.9,65.06,65.49,6274921,SLB
2017-08-09,87.8,87.8,87.12,87.26,3157047,SNI
2017-08-09,32.74,33.0,32.47,32.6,4285875,STX
2017-08-09,45.0,45.2,44.66,44.85,2285431,SEE
2017-08-09,117.55,117.55,116.28,116.73,821676,SRE
2017-08-09,330.94,337.84,330.55,335.68,762487,SHW
2017-08-09,61.42,62.21,59.58,60.25,1547496,SIG
2017-08-09,164.07,164.38,161.62,163.41,1194763,SPG
2017-08-09,103.7,105.07,103.51,104.74,1012568,SWKS
2017-08-09,101.91,102.13,101.31,101.7,558795,SLG
2017-08-09,154.7,155.85,154.28,155.2,670393,SNA
2017-08-09,49.2,49.22,48.78,48.85,5181892,SO
2017-08-09,54.68,55.49,54.6,54.69,4456920,LUV
2017-08-09,147.71,150.89,147.07,150.77,1472251,SPGI
2017-08-09,140.42,140.93,139.71,140.34,910573,SWK
2017-08-09,10.18,10.19,10.16,10.16,20903414,SPLS
2017-08-09,54.43,54.43,53.3,53.74,16717719,SBUX
2017-08-09,93.71,94.3,93.25,94.28,2138439,STT
2017-08-09,76.94,76.94,74.65,75.06,1068123,SRCL
2017-08-09,146.25,146.25,144.88,145.18,1080989,SYK
2017-08-09,57.58,58.31,57.41,57.6,4904374,STI
2017-08-09,28.26,28.65,28.16,28.6,10840011,SYMC
2017-08-09,30.48,30.56,30.13,30.25,5204224,SYF
2017-08-09,76.45,77.05,76.23,76.85,637227,SNPS
2017-08-09,51.93,52.18,51.19,51.32,3388924,SYY
2017-08-09,82.94,83.38,82.48,83.18,1295591,TROW
2017-08-09,58.57,58.58,57.38,57.87,6389443,TGT
2017-08-09,80.38,81.24,80.25,81.19,1253119,TEL
2017-08-09,27.15,27.33,26.94,27.16,2758360,FTI
2017-08-09,81.97,82.31,81.38,82.28,4274007,TXN
2017-08-09,49.07,49.25,48.51,49.13,1275822,TXT
2017-08-09,170.26,174.01,170.26,173.26,4284555,TMO
2017-08-09,90.96,91.32,90.43,91.24,2052216,TIF
2017-08-09,102.11,102.36,102.0,102.28,3185031,TWX
2017-08-09,71.24,71.51,70.56,71.26,3872908,TJX
2017-08-09,78.89,79.26,78.39,79.23,541224,TMK
2017-08-09,64.01,64.35,63.8,64.25,940656,TSS
2017-08-09,55.46,55.64,54.72,55.49,1749891,TSCO
2017-08-09,285.02,286.26,276.46,277.72,519641,TDG
2017-08-09,128.87,130.18,128.34,130.15,1605075,TRV
2017-08-09,36.55,40.82,35.55,40.54,15180138,TRIP
2017-08-09,27.7,27.95,27.16,27.9,11202385,FOXA
2017-08-09,27.43,27.56,26.96,27.51,2518231,FOX
2017-08-09,64.74,65.17,63.93,64.66,3666071,TSN
2017-08-09,38.78,38.99,38.5,38.82,1154803,UDR
2017-08-09,249.85,254.42,249.18,253.08,669230,ULTA
2017-08-09,52.84,53.24,52.77,53.23,3803968,USB
2017-08-09,17.02,17.42,17.02,17.17,2380034,UA
2017-08-09,19.15,19.45,18.95,19.1,3381067,UAA
2017-08-09,102.63,103.82,102.51,103.77,3063769,UNP
2017-08-09,67.38,67.97,66.8,67.06,3533511,UAL
2017-08-09,194.9,195.36,194.16,194.83,2125851,UNH
2017-08-09,111.97,112.5,111.72,112.41,1888701,UPS
2017-08-09,116.08,116.81,114.6,115.31,945180,URI
2017-08-09,118.57,118.76,117.03,117.2,3183395,UTX
2017-08-09,107.61,107.64,105.94,106.85,1025327,UHS
2017-08-09,50.39,50.78,50.17,50.76,1318258,UNM
2017-08-09,62.19,62.8,60.01,62.29,2414687,VFC
2017-08-09,67.65,67.93,66.61,66.93,3498139,VLO
2017-08-09,95.7,96.34,95.23,96.2,588926,VAR
2017-08-09,65.36,65.67,64.91,65.62,1935781,VTR
2017-08-09,98.42,99.86,98.01,99.77,773965,VRSN
2017-08-09,81.91,82.03,81.41,81.53,722311,VRSK
2017-08-09,48.52,48.64,48.08,48.22,18887110,VZ
2017-08-09,153.02,155.09,152.19,152.58,1037955,VRTX
2017-08-09,30.29,30.34,29.64,30.17,7185224,VIAB
2017-08-09,100.76,101.3,100.6,100.97,6902137,V
2017-08-09,78.5,78.5,77.79,77.88,572116,VNO
2017-08-09,118.15,118.37,116.7,117.88,1245429,VMC
2017-08-09,81.11,81.99,80.9,81.61,6606508,WMT
2017-08-09,80.91,81.5,80.5,81.28,5261270,WBA
2017-08-09,100.71,103.0,100.5,102.83,27877607,DIS
2017-08-09,75.24,75.46,75.13,75.23,1454634,WM
2017-08-09,176.58,176.91,175.3,176.7,500776,WAT
2017-08-09,64.86,64.9,64.37,64.47,1736713,WEC
2017-08-09,52.28,52.81,52.14,52.79,14631563,WFC
2017-08-09,72.0,72.2,71.17,71.24,1222351,HCN
2017-08-09,80.72,81.62,80.52,80.99,2741231,WDC
2017-08-09,19.21,19.28,19.16,19.28,2397024,WU
2017-08-09,56.14,56.73,55.86,56.14,1104958,WRK
2017-08-09,32.41,32.62,32.21,32.43,1690981,WY
2017-08-09,177.64,178.4,174.6,175.05,801303,WHR
2017-08-09,41.82,41.86,41.79,41.85,3949164,WFM
2017-08-09,30.53,30.92,30.45,30.63,3547131,WMB
2017-08-09,149.38,149.9,149.06,149.24,1526041,WLTW
2017-08-09,100.42,101.3,100.18,100.31,820376,WYN
2017-08-09,129.56,130.07,128.44,129.85,1789319,WYNN
2017-08-09,48.56,48.58,48.24,48.27,2584603,XEL
2017-08-09,32.06,32.35,31.94,32.3,2002788,XRX
2017-08-09,62.87,63.1,62.46,62.74,1243741,XLNX
2017-08-09,44.17,44.68,44.12,44.67,956009,XL
2017-08-09,59.83,60.32,59.63,59.71,1133951,XYL
2017-08-09,74.13,75.11,73.77,75.07,1837169,YUM
2017-08-09,113.95,114.28,112.22,112.86,1852423,ZBH
2017-08-09,45.44,45.61,45.03,45.29,2225096,ZION
2017-08-09,59.95,60.87,59.76,60.81,4017297,ZTS
