2017-08-01,62.26,62.48,61.52,62.4,4484472,ATVI
2017-08-01,203.56,203.56,198.34,200.95,535036,AYI
2017-08-01,147.48,147.65,146.52,147.36,1580339,ADBE
2017-08-01,13.72,13.86,13.45,13.71,49149861,AMD
2017-08-01,112.0,114.1,110.82,114.05,1513119,AAP
2017-08-01,11.06,11.23,11.0,11.2,6287706,AES
2017-08-01,154.87,155.73,154.27,154.54,1545550,AET
2017-08-01,187.08,187.08,184.82,185.98,384233,AMG
2017-08-01,80.09,80.94,79.62,80.89,1854952,AFL
2017-08-01,60.04,60.29,59.8,59.94,1324251,A
2017-08-01,148.0,149.64,146.15,148.92,4473955,APD
2017-08-01,47.43,47.63,47.12,47.53,1984444,AKAM
2017-08-01,85.9,87.17,84.91,85.51,1569252,ALK
2017-08-01,116.06,117.68,115.3,117.43,916186,ALB
2017-08-01,121.69,123.89,120.5,121.01,538782,ARE
2017-08-01,138.33,138.78,136.75,137.79,1741821,ALXN
2017-08-01,167.41,171.65,167.37,169.43,1286548,ALGN
2017-08-01,81.63,82.62,80.94,81.47,878762,ALLE
2017-08-01,252.23,254.02,251.76,252.2,2009790,AGN
2017-08-01,242.02,242.48,239.83,239.87,369012,ADS
2017-08-01,40.53,40.93,40.5,40.83,1507265,LNT
2017-08-01,91.17,91.43,90.8,91.0,2820652,ALL
2017-08-01,947.81,954.49,944.96,946.56,1332456,GOOGL
2017-08-01,932.38,937.45,929.26,930.83,1277734,GOOG
2017-08-01,65.2,66.63,64.9,65.5,16542744,MO
2017-08-01,996.11,1006.4,991.58,996.19,4572576,AMZN
2017-08-01,56.2,56.67,56.16,56.53,1279381,AEE
2017-08-01,51.13,52.0,50.32,51.06,5045298,AAL
2017-08-01,70.59,70.83,70.37,70.62,1628987,AEP
2017-08-01,85.72,85.84,85.14,85.24,3148788,AXP
2017-08-01,65.73,65.74,65.28,65.48,3261731,AIG
2017-08-01,81.22,81.6,80.91,81.38,599442,AWK
2017-08-01,145.57,146.23,144.67,145.92,1189589,AMP
2017-08-01,94.11,94.17,92.66,92.98,1256115,ABC
2017-08-01,61.74,62.08,61.09,61.62,1200935,AME
2017-08-01,174.81,175.11,173.66,174.13,2069552,AMGN
2017-08-01,77.77,77.77,76.8,77.38,1103581,APH
2017-08-01,45.6,45.73,44.51,44.7,4391045,APC
2017-08-01,79.23,79.48,78.64,78.95,1728057,ADI
2017-08-01,101.0,101.52,100.01,101.37,905256,ANDV
2017-08-01,129.65,131.63,129.02,130.23,688752,ANSS
2017-08-01,187.0,188.17,186.26,186.67,1226871,ANTM
2017-08-01,138.67,139.7,138.15,139.59,980397,AON
2017-08-01,53.8,53.99,53.23,53.74,960883,AOS
2017-08-01,49.44,49.44,48.48,48.66,2843307,APA
2017-08-01,45.62,45.78,45.2,45.6,1261679,AIV
2017-08-01,149.1,150.22,148.41,150.05,35368645,AAPL
2017-08-01,44.39,44.79,44.02,44.1,9452283,AMAT
2017-08-01,42.98,43.69,42.3,43.3,6339158,ADM
2017-08-01,24.94,25.16,24.47,25.1,3242958,ARNC
2017-08-01,59.03,59.33,58.88,59.19,485552,AJG
2017-08-01,106.03,106.45,104.96,106.26,386903,AIZ
2017-08-01,39.25,39.27,38.71,38.88,29374491,T
2017-08-01,111.27,112.59,111.1,111.38,1315628,ADSK
2017-08-01,118.79,119.38,116.33,116.78,5612306,ADP
2017-08-01,542.62,548.89,538.46,547.86,472681,AZO
2017-08-01,192.69,193.16,191.49,192.12,607610,AVB
2017-08-01,93.17,93.76,92.78,93.44,704211,AVY
2017-08-01,36.82,36.83,35.41,35.7,2956032,BHGE
2017-08-01,42.08,42.24,41.91,41.99,2582500,BLL
2017-08-01,24.29,24.49,24.27,24.45,52782495,BAC
2017-08-01,53.35,53.83,53.16,53.71,5325163,BK
2017-08-01,320.54,321.15,319.92,320.26,324355,BCR
2017-08-01,60.88,61.18,60.56,60.71,2650220,BAX
2017-08-01,47.58,47.85,47.34,47.85,4752378,BBT
2017-08-01,201.7,202.34,200.54,201.2,827518,BDX
2017-08-01,175.93,176.38,174.81,176.29,2665971,BRK.B
2017-08-01,58.6,59.6,58.55,59.48,4210290,BBY
2017-08-01,290.8,291.86,289.55,291.15,1195355,BIIB
2017-08-01,429.67,431.79,427.32,429.98,440895,BLK
2017-08-01,30.57,30.72,30.27,30.62,2262124,HRB
2017-08-01,243.38,243.99,239.16,239.44,5018396,BA
2017-08-01,46.73,47.0,44.98,45.83,2905732,BWA
2017-08-01,121.22,122.63,120.86,121.87,595072,BXP
2017-08-01,26.8,26.8,26.48,26.48,5613994,BSX
2017-08-01,66.65,66.86,66.23,66.25,26784,BHF
2017-08-01,57.15,57.17,55.66,56.11,11075279,BMY
2017-08-01,248.23,250.0,246.96,248.39,1758194,AVGO
2017-08-01,49.32,49.72,49.09,49.16,631074,BF.B
2017-08-01,65.65,65.76,64.61,64.98,1542674,CHRW
2017-08-01,31.07,31.35,30.94,31.22,3437511,CA
2017-08-01,25.05,25.55,25.05,25.36,7505571,COG
2017-08-01,52.71,52.82,52.22,52.52,1630316,CPB
2017-08-01,86.64,86.73,85.64,86.01,2276369,COF
2017-08-01,77.72,77.94,77.1,77.33,1938031,CAH
2017-08-01,94.81,95.25,94.13,95.21,839371,CBOE
2017-08-01,66.16,66.76,65.13,66.65,1323400,KMX
2017-08-01,68.17,68.29,67.27,67.48,4113785,CCL
2017-08-01,114.27,114.43,112.52,113.1,3683681,CAT
2017-08-01,38.28,38.32,37.59,37.72,1516605,CBG
2017-08-01,66.07,66.63,65.95,66.08,2534987,CBS
2017-08-01,135.63,136.58,134.48,135.18,3019268,CELG
2017-08-01,79.43,80.91,79.38,80.45,1667933,CNC
2017-08-01,28.23,28.36,28.14,28.25,2098003,CNP
2017-08-01,23.34,23.42,23.19,23.36,5653146,CTL
2017-08-01,64.48,64.97,64.15,64.81,1660506,CERN
2017-08-01,29.48,29.52,28.26,29.22,6144239,CF
2017-08-01,43.18,43.38,42.97,43.13,6621639,SCHW
2017-08-01,392.84,392.96,383.73,387.42,2274005,CHTR
2017-08-01,4.94,4.97,4.78,4.79,35298350,CHK
2017-08-01,109.54,110.97,109.42,110.78,8162875,CVX
2017-08-01,344.08,347.74,340.63,347.24,897504,CMG
2017-08-01,146.85,148.09,146.4,148.07,1319742,CB
2017-08-01,53.44,53.45,52.91,53.01,1233120,CHD
2017-08-01,174.0,174.64,172.87,172.96,864264,CI
2017-08-01,98.81,99.22,97.95,98.54,1233622,XEC
2017-08-01,76.34,76.72,75.9,76.49,641462,CINF
2017-08-01,137.7,139.74,134.35,135.52,592007,CTAS
2017-08-01,31.59,31.66,31.43,31.65,12962777,CSCO
2017-08-01,69.09,69.62,68.75,69.6,22974747,C
2017-08-01,35.37,35.4,34.96,35.22,3066255,CFG
2017-08-01,79.19,79.67,78.81,79.61,1281276,CTXS
2017-08-01,133.72,133.99,132.92,133.13,511081,CLX
2017-08-01,123.65,124.06,120.32,123.79,1903289,CME
2017-08-01,46.28,46.75,46.26,46.64,3845651,CMS
2017-08-01,47.1,47.84,46.85,47.79,3335744,COH
2017-08-01,45.97,46.06,45.64,45.7,10306810,KO
2017-08-01,69.39,70.02,69.39,69.51,4516814,CTSH
2017-08-01,72.11,72.29,71.62,71.7,3052943,CL
2017-08-01,40.4,40.85,40.11,40.34,18798809,CMCSA
2017-08-01,72.96,73.09,71.92,72.31,1839935,CMA
2017-08-01,34.28,34.35,33.65,33.83,5143174,CAG
2017-08-01,129.98,131.16,129.06,130.76,1126788,CXO
2017-08-01,45.33,45.33,44.62,44.75,6685144,COP
2017-08-01,82.94,83.09,82.37,82.74,1695083,ED
2017-08-01,194.22,196.31,194.08,194.75,1551125,STZ
2017-08-01,245.13,246.22,243.04,245.29,332273,COO
2017-08-01,29.26,29.63,29.14,29.52,8018196,GLW
2017-08-01,159.1,159.97,157.9,159.72,4787491,COST
2017-08-01,20.43,20.47,19.94,20.23,7469170,COTY
2017-08-01,100.92,101.5,100.25,100.89,2762244,CCI
2017-08-01,32.78,33.01,32.46,32.93,529976,CSRA
2017-08-01,49.29,49.4,48.41,48.6,12204543,CSX
2017-08-01,159.88,161.09,154.0,157.48,5480126,CMI
2017-08-01,79.9,80.3,79.45,79.7,4147731,CVS
2017-08-01,35.76,36.26,35.54,36.08,3588334,DHI
2017-08-01,81.54,81.64,80.78,80.82,2524967,DHR
2017-08-01,84.2,85.23,83.7,84.8,1561407,DRI
2017-08-01,65.03,65.28,64.05,64.13,1667361,DVA
2017-08-01,128.51,129.46,128.18,129.02,1592215,DE
2017-08-01,90.73,90.77,88.58,89.83,2474477,DLPH
2017-08-01,49.78,50.2,49.26,50.07,7849838,DAL
2017-08-01,62.11,62.11,60.7,61.52,2333942,XRAY
2017-08-01,33.25,33.6,32.62,32.98,4659272,DVN
2017-08-01,115.45,118.24,115.41,117.59,2193656,DLR
2017-08-01,61.29,61.48,60.59,60.61,2926666,DFS
2017-08-01,24.77,24.96,24.14,24.38,8105803,DISCA
2017-08-01,23.25,23.62,22.84,22.98,5178515,DISCK
2017-08-01,64.19,66.48,63.53,65.49,3444654,DISH
2017-08-01,75.58,76.5,75.22,75.52,3175447,DG
2017-08-01,72.1,73.14,71.79,73.01,2573654,DLTR
2017-08-01,77.27,77.5,77.06,77.3,1967733,D
2017-08-01,84.02,84.41,83.04,83.62,890915,DOV
2017-08-01,64.46,64.8,64.08,64.69,5200168,DOW
2017-08-01,91.37,91.77,91.0,91.05,867812,DPS
2017-08-01,107.3,107.43,106.54,106.99,1245724,DTE
2017-08-01,28.72,29.0,28.6,28.89,2375784,DRE
2017-08-01,82.6,82.84,81.95,82.66,3300875,DD
2017-08-01,85.15,85.52,85.05,85.17,2825051,DUK
2017-08-01,78.75,79.39,78.42,79.33,1065878,DXC
2017-08-01,41.22,41.24,40.84,41.16,2769852,ETFC
2017-08-01,83.33,83.86,82.9,83.66,952972,EMN
2017-08-01,75.49,75.49,72.16,74.26,10716944,ETN
2017-08-01,35.82,36.02,35.75,35.91,4685371,EBAY
2017-08-01,131.08,131.62,127.18,131.43,1603411,ECL
2017-08-01,78.88,79.33,78.62,78.88,1890810,EIX
2017-08-01,115.87,116.22,115.11,115.27,1297176,EW
2017-08-01,117.57,117.65,116.44,116.92,2488168,EA
2017-08-01,59.45,60.05,58.46,59.96,4827900,EMR
2017-08-01,76.85,77.22,76.63,77.15,1122723,ETR
2017-08-01,56.88,57.3,55.69,55.98,1476518,EVHC
2017-08-01,94.91,95.58,94.05,94.46,3801955,EOG
2017-08-01,63.65,64.1,63.24,63.93,2568551,EQT
2017-08-01,146.0,146.5,145.44,146.26,452814,EFX
2017-08-01,452.25,455.37,450.86,453.08,459039,EQIX
2017-08-01,68.2,68.2,67.63,67.84,1330748,EQR
2017-08-01,263.16,264.64,261.52,263.2,386631,ESS
2017-08-01,98.97,99.24,98.34,98.61,1592040,EL
2017-08-01,60.93,61.06,60.54,60.89,1807252,ES
2017-08-01,264.23,265.58,261.98,263.99,393735,RE
2017-08-01,38.48,38.78,38.42,38.55,6353698,EXC
2017-08-01,157.24,157.24,152.46,152.69,1847023,EXPE
2017-08-01,58.44,59.1,58.44,58.79,983542,EXPD
2017-08-01,62.72,62.92,62.17,62.36,2681547,ESRX
2017-08-01,79.7,80.07,78.35,79.29,1278242,EXR
2017-08-01,80.16,80.54,79.97,80.17,10421212,XOM
2017-08-01,121.08,121.43,119.98,121.15,863566,FFIV
2017-08-01,169.82,170.47,169.05,169.86,14384957,FB
2017-08-01,43.09,43.16,42.28,42.99,3328054,FAST
2017-08-01,132.95,135.12,132.28,134.4,598488,FRT
2017-08-01,208.96,209.41,205.91,206.71,1176935,FDX
2017-08-01,91.71,91.9,91.24,91.87,1949530,FIS
2017-08-01,26.82,26.94,26.6,26.92,5271275,FITB
2017-08-01,32.01,32.09,31.81,31.93,4034905,FE
2017-08-01,128.57,129.35,128.06,129.27,1110436,FISV
2017-08-01,37.39,37.77,36.95,37.08,1059595,FLIR
2017-08-01,41.13,41.65,41.09,41.59,2356564,FLS
2017-08-01,43.62,44.05,42.95,43.89,1681240,FLR
2017-08-01,76.66,77.45,75.76,77.35,1072165,FMC
2017-08-01,47.07,47.15,45.98,46.87,2592591,FL
2017-08-01,11.11,11.15,10.87,10.95,65140080,F
2017-08-01,64.79,65.73,64.26,65.2,1850271,FTV
2017-08-01,65.92,66.3,65.76,66.16,1383929,FBHS
2017-08-01,45.0,45.08,44.54,44.72,2059430,BEN
2017-08-01,14.6,14.69,14.22,14.49,19010045,FCX
2017-08-01,23.84,23.95,23.47,23.88,6411123,GPS
2017-08-01,50.49,50.78,49.8,49.99,1606303,GRMN
2017-08-01,129.13,129.13,127.52,128.22,827250,IT
2017-08-01,196.96,196.98,193.9,196.53,1403099,GD
2017-08-01,25.63,25.66,25.33,25.44,41911312,GE
2017-08-01,22.91,23.25,22.38,23.04,7642587,GGP
2017-08-01,55.64,55.67,54.97,55.2,3727908,GIS
2017-08-01,35.81,35.98,34.59,34.76,21582819,GM
2017-08-01,85.01,85.31,83.83,84.96,968279,GPC
2017-08-01,76.35,76.36,75.52,75.7,7296609,GILD
2017-08-01,95.0,95.53,94.41,95.51,1007935,GPN
2017-08-01,227.09,228.62,226.73,227.0,2986784,GS
2017-08-01,31.58,31.58,30.7,31.48,8138944,GT
2017-08-01,167.47,169.72,166.36,169.72,1066405,GWW
2017-08-01,42.5,42.56,41.68,42.45,14301533,HAL
2017-08-01,22.89,23.24,22.83,23.04,6981585,HBI
2017-08-01,48.76,49.04,48.48,48.86,1656133,HOG
2017-08-01,113.62,116.49,111.72,115.85,1085616,HRS
2017-08-01,55.29,55.8,54.94,55.71,2816546,HIG
2017-08-01,106.08,106.8,105.53,105.95,1214409,HAS
2017-08-01,80.46,80.9,79.18,79.28,3178920,HCA
2017-08-01,31.76,31.8,29.99,30.25,6385793,HCP
2017-08-01,50.51,50.57,48.62,49.2,3585214,HP
2017-08-01,180.7,182.6,173.75,181.27,353808,HSIC
2017-08-01,105.51,106.0,104.76,105.65,890207,HSY
2017-08-01,44.51,44.51,43.05,43.16,4388952,HES
2017-08-01,17.55,17.6,17.44,17.55,7714003,HPE
2017-08-01,62.88,63.35,62.44,62.77,2659228,HLT
2017-08-01,44.37,44.41,43.97,44.0,2313724,HOLX
2017-08-01,150.24,150.39,148.95,149.85,4110605,HD
2017-08-01,136.35,137.06,135.82,137.01,2869981,HON
2017-08-01,34.23,34.24,33.68,34.14,1552580,HRL
2017-08-01,18.72,18.94,18.6,18.91,6824907,HST
2017-08-01,19.14,19.18,18.96,19.14,6530072,HPQ
2017-08-01,231.64,232.47,229.84,230.77,1022824,HUM
2017-08-01,13.34,13.37,13.24,13.32,8544584,HBAN
2017-08-01,163.84,165.41,153.39,154.68,1380335,IDXX
2017-08-01,46.75,47.23,46.7,47.18,3440323,INFO
2017-08-01,141.1,141.34,139.56,139.91,1621307,ITW
2017-08-01,173.96,173.96,170.31,172.3,1438919,ILMN
2017-08-01,88.08,88.46,86.12,86.49,2267358,IR
2017-08-01,35.66,36.43,35.57,36.35,38710244,INTC
2017-08-01,66.79,67.29,66.55,67.28,2238655,ICE
2017-08-01,145.0,145.67,144.72,145.3,3219477,IBM
2017-08-01,132.92,134.94,127.5,128.76,1472494,INCY
2017-08-01,55.36,55.56,54.82,55.33,2652594,IP
2017-08-01,21.61,21.82,21.57,21.74,4322570,IPG
2017-08-01,133.68,135.13,133.46,134.57,445952,IFF
2017-08-01,137.64,138.71,135.71,137.43,1009964,INTU
2017-08-01,938.97,945.0,934.13,940.97,271529,ISRG
2017-08-01,34.94,35.23,34.73,35.2,2172218,IVZ
2017-08-01,36.37,37.25,36.37,36.87,1540902,IRM
2017-08-01,52.99,53.42,52.56,53.25,738526,JEC
2017-08-01,91.46,91.46,88.83,89.51,756302,JBHT
2017-08-01,122.17,122.41,120.35,120.74,828826,SJM
2017-08-01,133.17,133.35,132.28,132.51,3837566,JNJ
2017-08-01,39.1,39.15,38.54,38.75,5365934,JCI
2017-08-01,92.49,93.14,92.28,93.03,12523725,JPM
2017-08-01,28.02,28.29,27.85,28.27,4641870,JNPR
2017-08-01,103.12,103.19,100.66,101.31,2334469,KSU
2017-08-01,67.96,68.14,67.29,67.46,2021449,K
2017-08-01,18.16,18.2,17.98,18.11,9126694,KEY
2017-08-01,123.16,123.73,121.53,121.69,1664558,KMB
2017-08-01,20.3,20.68,20.07,20.61,3876516,KIM
2017-08-01,20.47,20.47,20.27,20.35,8449095,KMI
2017-08-01,92.85,93.05,91.86,92.63,1757748,KLAC
2017-08-01,41.38,41.63,40.81,41.56,4047733,KSS
2017-08-01,87.38,87.77,86.55,86.67,3281543,KHC
2017-08-01,24.5,24.64,24.28,24.6,9205612,KR
2017-08-01,46.39,46.66,45.91,46.27,2435232,LB
2017-08-01,175.15,175.24,172.76,174.36,608038,LLL
2017-08-01,159.91,160.92,159.0,160.46,674549,LH
2017-08-01,160.44,160.49,157.17,157.46,2592545,LRCX
2017-08-01,48.38,48.43,47.49,48.12,1335879,LEG
2017-08-01,52.56,53.41,52.29,53.38,1050256,LEN
2017-08-01,58.98,58.98,58.55,58.95,2028728,LVLT
2017-08-01,26.12,26.14,25.89,26.05,1067155,LUK
2017-08-01,82.86,83.15,82.12,82.37,3439409,LLY
2017-08-01,73.51,73.65,72.71,73.59,1328334,LNC
2017-08-01,34.74,34.75,34.18,34.26,1463596,LKQ
2017-08-01,293.93,294.33,291.9,292.65,1037379,NYSE:LMT
2017-08-01,48.8,49.27,48.38,49.19,1118180,L
2017-08-01,77.27,77.96,76.25,77.83,3741236,LOW
2017-08-01,90.28,90.28,88.38,89.26,2642724,LYB
2017-08-01,163.88,165.14,163.44,164.66,947770,MTB
2017-08-01,57.93,58.61,57.09,57.91,1360304,MAC
2017-08-01,23.72,24.0,23.39,23.98,4575862,M
2017-08-01,12.23,12.25,11.84,11.91,13883796,MRO
2017-08-01,56.11,56.81,55.9,56.53,2918424,MPC
2017-08-01,104.8,105.55,104.61,105.13,1299592,MAR
2017-08-01,78.19,78.79,77.77,78.76,1802453,MMC
2017-08-01,223.9,231.0,205.01,211.97,2233467,MLM
2017-08-01,38.33,38.59,38.12,38.33,1979644,MAS
2017-08-01,128.66,129.98,128.5,129.49,4010522,MA
2017-08-01,20.02,20.08,19.49,19.72,12796101,MAT
2017-08-01,95.3,95.85,94.55,95.25,620206,MKC
2017-08-01,154.98,155.9,153.71,154.04,4185050,MCD
2017-08-01,163.3,163.45,160.55,161.26,1319516,MCK
2017-08-01,84.11,84.38,83.49,83.52,5356057,MDT
2017-08-01,64.04,64.27,63.77,63.92,6490905,MRK
2017-08-01,55.5,55.74,54.87,55.71,4089946,MET
2017-08-01,576.47,578.65,570.09,573.52,298350,MTD
2017-08-01,32.85,33.11,32.4,32.41,12131193,MGM
2017-08-01,36.45,36.94,36.33,36.76,2188614,KORS
2017-08-01,80.61,80.8,80.03,80.33,1197485,MCHP
2017-08-01,28.22,28.94,27.83,28.34,28221633,MU
2017-08-01,73.1,73.42,72.49,72.58,20823890,MSFT
2017-08-01,103.8,104.36,103.36,103.88,460128,MAA
2017-08-01,249.9,252.23,249.58,252.07,729499,MHK
2017-08-01,89.1,89.51,88.8,89.19,1498609,TAP
2017-08-01,44.04,44.05,43.59,43.62,6764767,MDLZ
2017-08-01,116.85,117.73,116.83,117.61,2632754,MON
2017-08-01,52.94,53.35,52.41,53.12,1809977,MNST
2017-08-01,131.76,132.51,131.47,131.59,1082632,MCO
2017-08-01,47.25,47.53,47.06,47.21,6329976,MS
2017-08-01,23.83,23.83,21.97,22.89,10771858,MOS
2017-08-01,91.05,92.17,90.9,91.95,726231,MSI
2017-08-01,39.05,39.05,38.48,38.59,2768529,MYL
2017-08-01,74.43,74.82,74.11,74.78,708545,NDAQ
2017-08-01,32.53,32.53,31.52,31.88,3862878,NOV
2017-08-01,14.75,14.95,14.7,14.85,1919376,NAVI
2017-08-01,43.72,43.83,43.16,43.55,2709883,NTAP
2017-08-01,182.49,184.62,181.43,182.03,5112707,NFLX
2017-08-01,53.03,53.1,52.28,52.67,3292818,NYSE:NWL
2017-08-01,28.75,28.84,27.8,28.22,3926598,NFX
2017-08-01,37.1,37.25,36.78,36.98,5270622,NEM
2017-08-01,14.38,14.46,14.27,14.43,972307,NWSA
2017-08-01,14.8,14.9,14.7,14.85,418176,NWS
2017-08-01,145.88,147.22,145.84,146.57,1510468,NEE
2017-08-01,43.22,43.61,42.89,42.96,4835969,NLSN
2017-08-01,59.0,59.94,58.9,59.84,9051700,NKE
2017-08-01,26.16,26.46,26.09,26.24,2842358,NI
2017-08-01,28.82,28.82,28.35,28.42,2991843,NYSE:NBL
2017-08-01,48.55,49.0,47.96,48.94,927014,JWN
2017-08-01,113.38,113.93,112.25,112.97,2398136,NSC
2017-08-01,88.16,88.2,87.12,88.11,1282306,NTRS
2017-08-01,263.32,264.72,263.04,264.64,673487,NOC
2017-08-01,24.66,24.87,24.24,24.53,5016264,NRG
2017-08-01,57.87,57.95,56.76,57.15,1862803,NUE
2017-08-01,162.12,164.56,161.0,164.49,10784578,NVDA
2017-08-01,204.44,208.84,202.53,208.16,1459113,ORLY
2017-08-01,62.1,62.12,61.07,61.53,2918207,OXY
2017-08-01,78.76,79.41,78.37,79.15,1536043,OMC
2017-08-01,56.57,56.84,56.05,56.73,3670376,OKE
2017-08-01,50.15,50.22,49.82,50.16,6066247,ORCL
2017-08-01,68.69,68.69,66.5,67.04,2268747,PCAR
2017-08-01,109.71,110.43,108.84,110.05,1017585,PKG
2017-08-01,166.12,166.94,162.93,164.52,1159198,PH
2017-08-01,42.25,42.25,40.7,40.75,1601473,PDCO
2017-08-01,57.9,57.96,56.66,56.82,2749447,PAYX
2017-08-01,59.0,59.39,58.79,59.34,9079118,PYPL
2017-08-01,63.19,63.6,62.23,62.46,875440,PNR
2017-08-01,17.5,17.53,17.26,17.52,3001651,PBCT
2017-08-01,116.69,116.78,115.9,115.92,2946131,PEP
2017-08-01,66.15,66.47,65.9,66.22,1027093,PKI
2017-08-01,74.99,75.02,73.37,74.2,1224366,PRGO
2017-08-01,33.04,33.3,32.72,33.08,26634264,PFE
2017-08-01,67.51,68.23,67.41,68.22,1892970,PCG
2017-08-01,117.01,117.38,115.67,115.88,5708359,PM
2017-08-01,84.04,85.81,84.0,85.63,2696710,PSX
2017-08-01,86.8,87.29,86.55,87.13,542655,PNW
2017-08-01,163.29,164.75,161.89,163.27,1429549,PXD
2017-08-01,129.59,130.41,129.15,130.41,2392707,PNC
2017-08-01,75.43,75.86,74.22,75.73,793786,RL
2017-08-01,105.28,105.62,104.63,105.11,2103503,PPG
2017-08-01,38.4,38.8,38.39,38.61,3314863,PPL
2017-08-01,131.12,132.27,129.94,130.71,1783263,PX
2017-08-01,2040.09,2041.49,2017.01,2024.59,371412,PCLN
2017-08-01,67.12,67.12,66.19,66.72,1241165,PFG
2017-08-01,91.03,91.73,90.72,91.1,8662108,PG
2017-08-01,47.26,47.28,47.02,47.26,2310392,PGR
2017-08-01,61.07,61.47,60.75,61.34,2091081,PLD
2017-08-01,113.95,114.41,113.03,114.4,1551588,PRU
2017-08-01,45.09,45.41,45.0,45.26,3161819,PEG
2017-08-01,206.1,206.6,202.38,202.83,726935,PSA
2017-08-01,24.47,25.05,24.43,24.89,4330141,PHM
2017-08-01,119.41,120.14,118.45,120.01,475414,PVH
2017-08-01,68.67,68.67,67.68,68.07,1396480,QRVO
2017-08-01,33.87,34.46,33.7,34.44,2393854,PWR
2017-08-01,53.3,53.43,52.91,53.41,9372128,QCOM
2017-08-01,108.57,109.21,108.3,108.34,731308,DGX
2017-08-01,21.03,21.1,20.23,20.3,8604825,RRC
2017-08-01,83.82,84.03,82.99,83.44,657757,RJF
2017-08-01,172.81,172.81,170.71,171.47,1309240,RTN
2017-08-01,57.18,57.91,56.97,57.74,1877959,O
2017-08-01,99.03,100.63,98.72,100.02,1173251,RHT
2017-08-01,66.51,67.67,66.13,67.3,1286617,REG
2017-08-01,486.6,490.17,471.26,472.0,1282126,REGN
2017-08-01,14.68,14.77,14.58,14.69,16128002,RF
2017-08-01,64.49,64.88,64.27,64.58,1030056,RSG
2017-08-01,77.49,78.37,77.06,77.48,1017605,RMD
2017-08-01,45.28,45.61,44.86,45.12,1417209,RHI
2017-08-01,165.19,165.54,162.55,163.57,824405,ROK
2017-08-01,108.14,113.25,108.02,111.32,3364607,COL
2017-08-01,233.68,236.91,232.32,236.47,522743,ROP
2017-08-01,55.46,55.68,55.03,55.6,2475331,ROST
2017-08-01,117.98,120.0,116.21,116.87,3280438,RCL
2017-08-01,91.37,91.78,90.89,91.22,3157498,CRM
2017-08-01,64.81,68.35,64.55,67.56,5332336,SCG
2017-08-01,68.5,69.01,68.05,69.01,10295677,SLB
2017-08-01,87.36,87.92,87.35,87.57,8881370,SNI
2017-08-01,33.05,33.51,32.9,33.37,6029177,STX
2017-08-01,43.7,43.82,43.32,43.54,1670964,SEE
2017-08-01,113.01,114.93,112.85,114.49,1319844,SRE
2017-08-01,337.15,340.13,334.32,337.09,1083777,SHW
2017-08-01,61.18,61.72,60.09,61.39,716407,SIG
2017-08-01,165.25,165.5,159.18,164.58,3144058,SPG
2017-08-01,105.11,105.38,103.5,104.28,2064363,SWKS
2017-08-01,103.53,105.29,103.17,104.06,984622,SLG
2017-08-01,154.64,156.45,152.21,152.96,742731,SNA
2017-08-01,48.03,49.06,48.01,48.53,8875861,SO
2017-08-01,55.88,56.37,55.29,55.72,4671387,LUV
2017-08-01,154.0,155.84,154.0,154.63,1974105,SPGI
2017-08-01,141.36,141.67,139.29,139.47,994360,SWK
2017-08-01,10.14,10.18,10.14,10.18,10351860,SPLS
2017-08-01,54.57,54.79,53.97,54.73,18120912,SBUX
2017-08-01,93.74,93.89,93.08,93.6,1782618,STT
2017-08-01,77.33,77.56,76.66,77.06,803552,SRCL
2017-08-01,147.58,148.84,146.86,147.87,1180503,SYK
2017-08-01,57.61,57.96,57.2,57.69,2383707,STI
2017-08-01,31.16,31.24,30.9,31.19,6356818,SYMC
2017-08-01,30.52,30.58,29.83,29.88,8219195,SYF
2017-08-01,76.9,76.9,76.37,76.77,661020,SNPS
2017-08-01,52.83,52.9,52.44,52.58,2026237,SYY
2017-08-01,83.08,83.18,82.48,83.15,1538899,TROW
2017-08-01,56.58,56.88,56.14,56.86,4029009,TGT
2017-08-01,80.7,80.86,79.17,79.85,1803434,TEL
2017-08-01,28.54,28.55,27.96,28.25,2514098,FTI
2017-08-01,81.6,81.84,81.02,81.71,3366103,TXN
2017-08-01,49.29,49.49,48.78,49.39,1086868,TXT
2017-08-01,176.16,176.5,175.12,175.47,1382377,TMO
2017-08-01,95.69,96.14,94.75,95.86,924023,TIF
2017-08-01,102.62,102.86,102.42,102.42,3395569,TWX
2017-08-01,70.4,70.94,70.27,70.72,3538077,TJX
2017-08-01,79.3,79.3,78.27,79.12,527575,TMK
2017-08-01,63.78,64.14,63.39,64.0,829007,TSS
2017-08-01,56.4,56.4,55.17,56.19,2422782,TSCO
2017-08-01,283.33,284.16,281.71,283.08,365162,TDG
2017-08-01,128.5,129.25,128.14,129.21,1518986,TRV
2017-08-01,39.24,39.26,37.11,37.35,3462311,TRIP
2017-08-01,29.22,29.55,29.13,29.23,11035180,FOXA
2017-08-01,28.81,29.21,28.76,28.92,2254227,FOX
2017-08-01,63.53,63.65,62.62,62.9,1987723,TSN
2017-08-01,39.18,39.38,38.99,39.1,1135181,UDR
2017-08-01,253.14,257.06,252.45,255.27,1117790,ULTA
2017-08-01,52.96,53.18,52.55,52.95,9790914,USB
2017-08-01,17.01,17.19,16.15,16.23,23226810,UA
2017-08-01,19.1,19.27,18.01,18.3,22283757,UAA
2017-08-01,102.96,102.99,101.73,101.98,4379702,UNP
2017-08-01,68.15,68.55,67.55,67.86,2767757,UAL
2017-08-01,193.4,193.4,191.62,192.23,3336771,UNH
2017-08-01,110.8,110.8,109.65,110.17,2663456,UPS
2017-08-01,119.47,119.57,115.67,116.56,1597830,URI
2017-08-01,119.0,119.25,118.36,118.88,1553276,UTX
2017-08-01,110.88,112.67,110.88,111.18,1142395,UHS
2017-08-01,50.42,50.59,49.81,50.32,1420140,UNM
2017-08-01,62.03,62.65,61.63,62.52,2118446,VFC
2017-08-01,69.35,69.75,68.73,68.82,5330081,VLO
2017-08-01,97.35,98.9,96.73,97.9,805482,VAR
2017-08-01,67.62,67.8,65.61,66.0,1789419,VTR
2017-08-01,101.0,101.16,99.33,99.37,1100308,VRSN
2017-08-01,85.48,88.17,85.48,87.17,1081633,VRSK
2017-08-01,48.68,49.63,48.53,48.89,33498183,VZ
2017-08-01,153.03,154.07,150.64,153.2,1621140,VRTX
2017-08-01,35.04,35.55,34.94,35.53,3741977,VIAB
2017-08-01,100.36,101.06,99.96,100.87,6018133,V
2017-08-01,79.8,80.92,78.51,79.51,1719759,VNO
2017-08-01,123.8,124.54,116.28,119.2,3277299,VMC
2017-08-01,80.25,80.73,80.0,80.5,5726547,WMT
2017-08-01,80.43,81.46,80.43,81.13,4892591,WBA
2017-08-01,109.98,110.83,109.95,110.61,5987217,DIS
2017-08-01,75.33,75.5,75.15,75.22,1485682,WM
2017-08-01,173.9,176.2,173.9,175.74,674872,WAT
2017-08-01,62.97,63.34,62.82,63.11,1270449,WEC
2017-08-01,54.23,54.39,53.85,54.08,19350259,WFC
2017-08-01,73.6,73.68,71.67,72.32,2091627,HCN
2017-08-01,85.29,86.35,84.87,85.67,4010041,WDC
2017-08-01,19.77,19.86,19.53,19.73,2763215,WU
2017-08-01,57.55,57.87,57.13,57.77,856835,WRK
2017-08-01,33.08,33.29,32.93,33.22,3247696,WY
2017-08-01,178.09,179.29,175.33,176.48,1051826,WHR
2017-08-01,41.8,41.86,41.77,41.85,4088633,WFM
2017-08-01,31.87,31.94,31.59,31.72,5497202,WMB
2017-08-01,149.54,149.89,147.0,149.62,664796,WLTW
2017-08-01,105.12,105.86,104.6,105.31,869433,WYN
2017-08-01,130.13,130.36,127.42,128.0,2424129,WYNN
2017-08-01,47.31,47.7,47.21,47.57,2704840,XEL
2017-08-01,30.95,32.54,30.88,32.46,5765391,XRX
2017-08-01,63.3,63.79,62.99,63.56,1684733,XLNX
2017-08-01,44.55,44.94,44.26,44.54,2224310,XL
2017-08-01,57.62,59.77,57.62,59.3,2588823,XYL
2017-08-01,75.82,76.32,75.29,75.53,1814495,YUM
2017-08-01,121.81,121.81,120.25,120.32,2160502,ZBH
2017-08-01,45.51,45.58,44.99,45.38,3371653,ZION
2017-08-01,62.6,62.69,61.92,62.27,1750974,ZTS
